{
    "forssa": [60.812062,23.635562],
    "halikko": [60.394063,23.082437],
    "herttoniemi": [60.194437,25.033938],
    "hollola": [60.989438,25.515563],
    "holma lahti": [61.006563,25.678438],
    "hyvinkää": [60.630437,24.866437],
    "hämeenkatu tampere": [61.497062,23.758063],
    "hämeenlinna": [61.012313,24.413063],
    "ideapark lempäälä": [61.361812,23.795063],
    "iisalmi": [63.573937,27.180188],
    "imatra": [61.189312,28.765813],
    "iso omena": [60.162063,24.737437],
    "itäharju": [60.446438,22.323062],
    "itäkeskus": [60.213563,25.087812],
    "joensuu": [62.616687,29.778062],
    "jumbo": [60.291562,24.965562],
    "järvenpää": [60.470437,25.083438],
    "kaari kannelmäki": [60.236562,24.892437],
    "kajaani": [64.220812,27.745688],
    "kaleva tampere": [61.491813,23.820687],
    "kangasala": [61.475562,23.978687],
    "keljo jyväskylä": [62.217312,25.721312],
    "kemi": [65.742812,24.579187],
    "kerava": [60.401438,25.103563],
    "kirkkonummi": [60.117937,24.445563],
    "koivistonkylä tampere": [61.467938,23.776938],
    "kokkola": [63.832187,23.126062],
    "kotiranta vaasa": [63.102812,21.646187],
    "kotka": [60.500563,26.868187],
    "kouvola": [60.872062,26.655437],
    "kuopio": [62.887438,27.632688],
    "kuusamo": [65.957813,29.158687],
    "lappee": [61.046563,28.208813],
    "lappeenranta": [61.050562,28.178312],
    "laune": [60.959312,25.656438],
    "lielahti tampere": [61.519813,23.665813],
    "liisanlehto vaasa": [63.072812,21.697938],
    "limingantulli oulu": [64.994312,25.461937],
    "linnainmaa tampere": [61.496313,23.882562],
    "linnanmaa oulu": [65.054312,25.456187],
    "lippulaiva": [60.149187,24.655437],
    "lohja": [60.248312,24.062562],
    "loimaa": [60.856437,23.045938],
    "länsikeskus": [60.473687,22.227313],
    "malmi": [60.252312,25.010813],
    "mikkeli": [61.686813,27.295687],
    "mylly": [60.490813,22.201062],
    "myyrmanni": [60.259812,24.852938],
    "nokia": [61.478437,23.526438],
    "nummela": [60.330938,24.320437],
    "olari": [60.166438,24.734187],
    "orimattila": [60.805062,25.730187],
    "palokka": [62.288312,25.716938],
    "pieskämäki": [62.298562,27.165062],
    "pietarsaari": [63.677437,22.716687],
    "piispanristi": [60.415563,22.325688],
    "pirkkala": [61.469437,23.716062],
    "pori länsi-pori": [61.477688,21.757062],
    "pori mikkola": [61.453437,21.839438],
    "raahe": [64.666313,24.483187],
    "raksila oulu": [65.010437,25.490812],
    "rauma": [61.133063,21.516062],
    "riihimäki": [60.732937,24.779063],
    "rovaniemi": [66.492437,25.688063],
    "sastamala": [61.333188,22.924687],
    "savonlinna": [61.876312,28.948313],
    "seinäjoki hyllykallio": [62.805937,22.876188],
    "sello": [60.218563,24.810063],
    "seppälä jyväskylä": [62.257562,25.773063],
    "syke": [60.987437,25.664687],
    "tampereentie": [60.473937,22.286062],
    "tikkurila": [60.293188,25.033812],
    "tornio": [65.843688,24.196312],
    "tripla": [60.198437,24.929688],
    "valkeakoski": [61.266437,24.028562],
    "varkaus": [62.313312,27.855938],
    "viikki": [60.227563,25.008187],
    "ylivieska": [64.060312,24.557688],
    "ylöjärvi": [61.563437,23.593438],
    "zeppelin": [64.901687,25.538063]
}